truck 0.68 (179, 2) (207, 21)
Found 9 boxes for img
Found 9 boxes for img
car 0.93 (151, 11) (167, 27)
car 0.87 (166, 2) (182, 19)
car 0.86 (132, 0) (153, 10)
car 0.59 (202, 7) (236, 24)
car 0.52 (101, 0) (123, 14)
car 0.30 (152, 1) (168, 13)
bus 1.00 (67, 19) (136, 110)
train 0.47 (67, 18) (135, 113)
truck 0.43 (201, 4) (237, 23)
car 0.93 (151, 11) (167, 27)
car 0.87 (166, 2) (182, 19)
car 0.86 (132, 0) (153, 10)
car 0.59 (202, 7) (236, 24)
car 0.52 (101, 0) (123, 14)
car 0.30 (152, 1) (168, 13)
bus 1.00 (67, 19) (136, 110)
train 0.47 (66, 17) (135, 113)
truck 0.43 (201, 4) (237, 23)
car 0.93 (151, 11) (167, 27)
car 0.87 (166, 2) (182, 19)
car 0.86 (132, 0) (153, 10)
car 0.59 (202, 7) (236, 24)
car 0.52 (101, 0) (123, 14)
car 0.30 (152, 1) (168, 13)
bus 1.00 (67, 19) (136, 110)
train 0.47 (69, 18) (135, 113)
truck 0.43 (201, 4) (237, 23)
car 0.93 (151, 11) (167, 27)
car 0.87 (166, 2) (182, 19)
car 0.86 (132, 0) (153, 10)
car 0.59 (202, 7) (236, 24)
car 0.52 (101, 0) (123, 14)
car 0.30 (152, 1) (168, 13)
bus 1.00 (69, 17) (136, 110)
train 0.47 (68, 17) (135, 113)
truck 0.43 (201, 4) (237, 23)
car 0.93 (151, 11) (167, 27)
car 0.87 (166, 2) (182, 19)
car 0.86 (132, 0) (153, 10)
car 0.59 (202, 7) (236, 24)
car 0.52 (101, 0) (123, 14)
car 0.30 (152, 1) (168, 13)
bus 1.00 (71, 17) (136, 110)
train 0.47 (69, 16) (135, 113)
truck 0.43 (201, 4) (237, 23)
car 0.93 (151, 11) (167, 27)
car 0.87 (166, 2) (182, 19)
car 0.86 (132, 0) (153, 10)
car 0.59 (202, 7) (236, 24)
car 0.52 (101, 0) (123, 14)
car 0.30 (152, 1) (168, 13)
bus 1.00 (69, 15) (136, 110)
train 0.47 (70, 15) (135, 113)
truck 0.43 (201, 4) (237, 23)
car 0.93 (151, 11) (167, 27)
car 0.87 (166, 2) (182, 19)
car 0.86 (132, 0) (153, 10)
car 0.59 (202, 7) (236, 24)
car 0.52 (101, 0) (123, 14)
car 0.30 (152, 1) (168, 13)
bus 1.00 (71, 15) (136, 110)
train 0.47 (71, 14) (135, 113)
truck 0.43 (201, 4) (237, 23)
car 0.93 (151, 11) (167, 27)
car 0.87 (166, 2) (182, 19)
car 0.86 (132, 0) (153, 10)
car 0.59 (202, 7) (236, 24)
car 0.52 (101, 0) (123, 14)
car 0.30 (152, 1) (168, 13)
bus 1.00 (71, 15) (136, 110)
train 0.47 (70, 13) (135, 113)
truck 0.43 (201, 4) (237, 23)
car 0.93 (151, 11) (167, 27)
car 0.87 (166, 2) (182, 19)
car 0.86 (132, 0) (153, 10)
car 0.59 (202, 7) (236, 24)
car 0.52 (101, 0) (123, 14)
car 0.30 (152, 1) (168, 13)
bus 1.00 (71, 13) (136, 110)
train 0.47 (71, 12) (135, 113)
truck 0.43 (201, 4) (237, 23)
Found 11 boxes for img
car 0.94 (151, 11) (166, 24)
car 0.78 (165, 2) (182, 18)
car 0.64 (132, 1) (153, 11)
car 0.51 (0, 123) (94, 233)
car 0.40 (200, 8) (233, 23)
car 0.34 (151, 1) (169, 11)
bus 0.99 (78, 13) (137, 96)
bus 0.59 (0, 125) (92, 243)
bus 0.37 (198, 4) (235, 23)
truck 0.39 (198, 4) (235, 23)
truck 0.31 (0, 115) (93, 239)
car 0.94 (151, 11) (166, 24)
car 0.78 (165, 2) (182, 18)
car 0.64 (132, 1) (153, 11)
car 0.51 (4, 118) (94, 233)
car 0.40 (200, 8) (233, 23)
car 0.34 (151, 1) (169, 11)
bus 0.99 (79, 13) (137, 96)
bus 0.59 (4, 120) (92, 243)
bus 0.37 (198, 4) (235, 23)
truck 0.39 (198, 4) (235, 23)
truck 0.31 (5, 110) (93, 239)
car 0.94 (151, 11) (166, 24)
car 0.78 (165, 2) (182, 18)
car 0.64 (132, 1) (153, 11)
car 0.51 (10, 113) (94, 233)
car 0.40 (200, 8) (233, 23)
car 0.34 (151, 1) (169, 11)
bus 0.99 (80, 13) (137, 96)
bus 0.59 (10, 117) (92, 243)
bus 0.37 (198, 4) (235, 23)
truck 0.39 (198, 4) (235, 23)
truck 0.31 (10, 107) (93, 239)
car 0.94 (151, 11) (166, 24)
car 0.78 (165, 2) (182, 18)
car 0.64 (132, 1) (153, 11)
car 0.51 (12, 108) (94, 233)
car 0.40 (200, 8) (233, 23)
car 0.34 (151, 1) (169, 11)
bus 0.99 (79, 11) (137, 96)
bus 0.59 (14, 110) (92, 243)
bus 0.37 (198, 4) (235, 23)
truck 0.39 (198, 4) (235, 23)
truck 0.31 (13, 100) (93, 239)
car 0.94 (151, 11) (166, 24)
car 0.78 (165, 2) (182, 18)
car 0.64 (132, 1) (153, 11)
car 0.51 (16, 103) (94, 233)
car 0.40 (200, 8) (233, 23)
car 0.34 (151, 1) (169, 11)
bus 0.99 (80, 9) (137, 96)
bus 0.59 (16, 107) (92, 243)
bus 0.37 (198, 4) (235, 23)
truck 0.39 (198, 4) (235, 23)
truck 0.31 (18, 97) (93, 239)
car 0.94 (151, 11) (166, 24)
car 0.78 (165, 2) (182, 18)
car 0.64 (132, 1) (153, 11)
car 0.51 (22, 98) (94, 233)
car 0.40 (200, 8) (233, 23)
car 0.34 (151, 1) (169, 11)
bus 0.99 (81, 11) (137, 96)
bus 0.59 (22, 100) (92, 243)
bus 0.37 (198, 4) (235, 23)
truck 0.39 (198, 4) (235, 23)
truck 0.31 (21, 92) (93, 239)
car 0.94 (151, 11) (166, 24)
car 0.78 (165, 2) (182, 18)
car 0.64 (132, 1) (153, 11)
car 0.51 (26, 91) (94, 233)
car 0.40 (200, 8) (233, 23)
car 0.34 (151, 1) (169, 11)
bus 0.99 (82, 9) (137, 96)
bus 0.59 (28, 95) (92, 243)
bus 0.37 (198, 4) (235, 23)
truck 0.39 (198, 4) (235, 23)
truck 0.31 (28, 87) (93, 239)
Found 9 boxes for img
person 0.52 (21, 25) (32, 47)
car 0.88 (151, 9) (166, 22)
car 0.79 (166, 3) (182, 17)
car 0.48 (137, 2) (150, 11)
car 0.43 (126, 1) (136, 9)
motorbike 0.52 (21, 25) (32, 47)
bus 0.99 (86, 11) (143, 87)
bus 0.41 (0, 9) (133, 231)
truck 0.50 (196, 3) (229, 23)
person 0.52 (21, 25) (32, 47)
car 0.88 (151, 9) (166, 22)
car 0.79 (166, 3) (182, 17)
car 0.48 (137, 2) (150, 11)
car 0.43 (126, 1) (136, 9)
motorbike 0.52 (21, 25) (32, 47)
bus 0.99 (87, 10) (143, 87)
bus 0.41 (3, 4) (133, 231)
truck 0.50 (196, 3) (229, 23)
person 0.52 (21, 25) (32, 47)
car 0.88 (151, 9) (166, 22)
car 0.79 (166, 3) (182, 17)
car 0.48 (137, 2) (150, 11)
car 0.43 (126, 1) (136, 9)
motorbike 0.52 (21, 25) (32, 47)
bus 0.99 (86, 11) (143, 87)
bus 0.41 (8, 1) (133, 231)
truck 0.50 (196, 3) (229, 23)
person 0.52 (21, 26) (32, 47)
car 0.88 (151, 9) (166, 22)
car 0.79 (166, 3) (182, 17)
car 0.48 (137, 2) (150, 11)
car 0.43 (126, 1) (136, 9)
motorbike 0.52 (21, 26) (32, 47)
bus 0.99 (87, 10) (143, 87)
bus 0.41 (11, -4) (133, 231)
truck 0.50 (196, 3) (229, 23)
person 0.52 (21, 27) (32, 47)
car 0.88 (151, 9) (166, 22)
car 0.79 (166, 3) (182, 17)
car 0.48 (137, 2) (150, 11)
car 0.43 (126, 1) (136, 9)
motorbike 0.52 (21, 27) (32, 47)
bus 0.99 (88, 11) (143, 87)
bus 0.41 (14, -7) (133, 231)
truck 0.50 (196, 3) (229, 23)
person 0.52 (21, 26) (32, 47)
car 0.88 (151, 9) (166, 22)
car 0.79 (166, 3) (182, 17)
car 0.48 (137, 2) (150, 11)
car 0.43 (126, 1) (136, 9)
motorbike 0.52 (21, 26) (32, 47)
bus 0.99 (89, 10) (143, 87)
bus 0.41 (17, -14) (133, 231)
truck 0.50 (196, 3) (229, 23)
person 0.52 (21, 27) (32, 47)
car 0.88 (151, 9) (166, 22)
car 0.79 (166, 3) (182, 17)
car 0.48 (137, 2) (150, 11)
car 0.43 (126, 1) (136, 9)
motorbike 0.52 (21, 27) (32, 47)
bus 0.99 (90, 11) (143, 87)
bus 0.41 (20, -15) (133, 231)
truck 0.50 (196, 3) (229, 23)
person 0.52 (21, 26) (32, 47)
car 0.88 (151, 9) (166, 22)
car 0.79 (166, 3) (182, 17)
car 0.48 (137, 2) (150, 11)
car 0.43 (126, 1) (136, 9)
motorbike 0.52 (21, 26) (32, 47)
bus 0.99 (91, 10) (143, 87)
bus 0.41 (21, -20) (133, 231)
truck 0.50 (196, 3) (229, 23)
person 0.52 (21, 27) (32, 47)
car 0.88 (151, 9) (166, 22)
car 0.79 (166, 3) (182, 17)
car 0.48 (137, 2) (150, 11)
car 0.43 (126, 1) (136, 9)
motorbike 0.52 (21, 27) (32, 47)
bus 0.99 (90, 11) (143, 87)
bus 0.41 (24, -23) (133, 231)
truck 0.50 (196, 3) (229, 23)
Found 7 boxes for img
car 0.84 (151, 8) (166, 20)
car 0.49 (166, 3) (182, 16)
car 0.33 (191, 3) (225, 22)
bus 0.95 (95, 3) (146, 69)
bus 0.80 (-6, 43) (156, 237)
train 0.37 (-10, 35) (152, 222)
truck 0.53 (191, 3) (225, 22)
car 0.84 (151, 8) (166, 20)
car 0.49 (166, 3) (182, 16)
car 0.33 (191, 3) (225, 22)
bus 0.95 (95, 2) (146, 69)
bus 0.80 (0, 38) (156, 237)
train 0.37 (-4, 31) (152, 222)
truck 0.53 (191, 3) (225, 22)
car 0.84 (151, 8) (166, 20)
car 0.49 (166, 3) (182, 16)
car 0.33 (191, 3) (225, 22)
bus 0.95 (97, 1) (146, 69)
bus 0.80 (6, 31) (156, 237)
train 0.37 (2, 25) (152, 222)
truck 0.53 (191, 3) (225, 22)
car 0.84 (151, 8) (166, 20)
car 0.49 (166, 3) (182, 16)
car 0.33 (191, 3) (225, 22)
bus 0.95 (97, 2) (146, 69)
bus 0.80 (10, 28) (156, 237)
train 0.37 (6, 21) (152, 222)
truck 0.53 (191, 3) (225, 22)
car 0.84 (151, 8) (166, 20)
car 0.49 (166, 3) (182, 16)
car 0.33 (191, 3) (225, 22)
bus 0.95 (97, 1) (146, 69)
bus 0.80 (16, 23) (156, 237)
train 0.37 (10, 17) (152, 222)
truck 0.53 (191, 3) (225, 22)
car 0.84 (151, 8) (166, 20)
car 0.49 (166, 3) (182, 16)
car 0.33 (191, 3) (225, 22)
bus 0.95 (97, 2) (146, 69)
bus 0.80 (18, 20) (156, 237)
train 0.37 (14, 13) (152, 222)
truck 0.53 (191, 3) (225, 22)
car 0.84 (150, 8) (166, 20)
car 0.49 (166, 3) (182, 16)
car 0.33 (191, 3) (225, 22)
bus 0.95 (99, 1) (146, 69)
bus 0.80 (20, 17) (156, 237)
train 0.37 (16, 9) (152, 222)
truck 0.53 (191, 3) (225, 22)
car 0.84 (150, 8) (166, 20)
car 0.49 (166, 3) (182, 16)
car 0.33 (191, 3) (225, 22)
bus 0.95 (99, 2) (146, 69)
bus 0.80 (20, 16) (156, 237)
train 0.37 (16, 7) (152, 222)
truck 0.53 (191, 3) (225, 22)
car 0.84 (150, 8) (166, 20)
car 0.49 (166, 3) (182, 16)
car 0.33 (191, 3) (225, 22)
bus 0.95 (99, 1) (146, 69)
bus 0.80 (20, 13) (156, 237)
train 0.37 (18, 5) (152, 222)
truck 0.53 (191, 3) (225, 22)
Found 7 boxes for img
car 0.74 (150, 5) (165, 18)
car 0.40 (189, 3) (222, 21)
car 0.39 (164, 1) (183, 14)
bus 0.90 (101, 3) (150, 52)
bus 0.50 (-2, 35) (165, 236)
train 0.94 (-1, 23) (162, 226)
truck 0.52 (189, 3) (222, 21)
car 0.74 (150, 5) (165, 18)
car 0.40 (189, 3) (222, 21)
car 0.39 (164, 1) (183, 14)
bus 0.90 (101, 3) (150, 52)
bus 0.50 (3, 29) (165, 236)
train 0.94 (3, 17) (162, 226)
truck 0.52 (189, 3) (222, 21)
car 0.74 (150, 5) (165, 18)
car 0.40 (189, 3) (222, 21)
car 0.39 (164, 1) (183, 14)
bus 0.90 (101, 3) (150, 52)
bus 0.50 (8, 21) (165, 236)
train 0.94 (7, 13) (162, 226)
truck 0.52 (189, 3) (222, 21)
car 0.74 (150, 5) (165, 18)
car 0.40 (189, 3) (222, 21)
car 0.39 (164, 1) (183, 14)
bus 0.90 (101, 3) (150, 52)
bus 0.50 (11, 17) (165, 236)
train 0.94 (11, 9) (162, 226)
truck 0.52 (189, 3) (222, 21)
car 0.74 (150, 5) (165, 18)
car 0.40 (189, 3) (222, 21)
car 0.39 (164, 1) (183, 14)
bus 0.90 (103, 1) (150, 52)
bus 0.50 (14, 13) (165, 236)
train 0.94 (13, 5) (162, 226)
truck 0.52 (189, 3) (222, 21)
car 0.74 (149, 5) (165, 18)
car 0.40 (189, 3) (222, 21)
car 0.39 (164, 1) (183, 14)
bus 0.90 (103, -1) (150, 52)
bus 0.50 (17, 9) (165, 236)
train 0.94 (17, 1) (162, 226)
truck 0.52 (189, 3) (222, 21)
car 0.74 (150, 5) (165, 18)
car 0.40 (189, 3) (222, 21)
car 0.39 (164, 1) (183, 14)
bus 0.90 (103, 1) (150, 52)
bus 0.50 (20, 5) (165, 236)
train 0.94 (19, -1) (162, 226)
truck 0.52 (189, 3) (222, 21)
car 0.74 (149, 5) (165, 18)
car 0.40 (189, 3) (222, 21)
car 0.39 (163, 1) (183, 14)
bus 0.90 (103, -1) (150, 52)
bus 0.50 (23, 1) (165, 236)
train 0.94 (23, -5) (162, 226)
truck 0.52 (189, 3) (222, 21)
car 0.74 (150, 5) (165, 18)
car 0.40 (189, 3) (222, 21)
car 0.39 (162, 1) (183, 14)
bus 0.90 (103, 1) (150, 52)
bus 0.50 (26, -1) (165, 236)
train 0.94 (25, -7) (162, 226)
truck 0.52 (189, 3) (222, 21)
Found 7 boxes for img
Found 9 boxes for img
car 0.93 (151, 11) (167, 27)
car 0.87 (166, 2) (182, 19)
car 0.86 (132, 0) (153, 10)
car 0.59 (202, 7) (236, 24)
car 0.52 (101, 0) (123, 14)
car 0.30 (152, 1) (168, 13)
bus 1.00 (67, 19) (136, 110)
train 0.47 (67, 18) (135, 113)
truck 0.43 (201, 4) (237, 23)
car 0.93 (151, 11) (167, 27)
car 0.87 (166, 2) (182, 19)
car 0.86 (132, 0) (153, 10)
car 0.59 (202, 7) (236, 24)
car 0.52 (101, 0) (123, 14)
car 0.30 (152, 1) (168, 13)
bus 1.00 (67, 19) (136, 110)
train 0.47 (66, 17) (135, 113)
truck 0.43 (201, 4) (237, 23)
car 0.93 (151, 11) (167, 27)
car 0.87 (166, 2) (182, 19)
car 0.86 (132, 0) (153, 10)
car 0.59 (202, 7) (236, 24)
car 0.52 (101, 0) (123, 14)
car 0.30 (152, 1) (168, 13)
bus 1.00 (67, 19) (136, 110)
train 0.47 (69, 18) (135, 113)
truck 0.43 (201, 4) (237, 23)
car 0.93 (151, 11) (167, 27)
car 0.87 (166, 2) (182, 19)
car 0.86 (132, 0) (153, 10)
car 0.59 (202, 7) (236, 24)
car 0.52 (101, 0) (123, 14)
car 0.30 (152, 1) (168, 13)
bus 1.00 (69, 17) (136, 110)
train 0.47 (68, 17) (135, 113)
truck 0.43 (201, 4) (237, 23)
car 0.93 (151, 11) (167, 27)
car 0.87 (166, 2) (182, 19)
car 0.86 (132, 0) (153, 10)
car 0.59 (202, 7) (236, 24)
car 0.52 (101, 0) (123, 14)
car 0.30 (152, 1) (168, 13)
bus 1.00 (71, 17) (136, 110)
train 0.47 (69, 16) (135, 113)
truck 0.43 (201, 4) (237, 23)
car 0.93 (151, 11) (167, 27)
car 0.87 (166, 2) (182, 19)
car 0.86 (132, 0) (153, 10)
car 0.59 (202, 7) (236, 24)
car 0.52 (101, 0) (123, 14)
car 0.30 (152, 1) (168, 13)
bus 1.00 (69, 15) (136, 110)
train 0.47 (70, 15) (135, 113)
truck 0.43 (201, 4) (237, 23)
car 0.93 (151, 11) (167, 27)
car 0.87 (166, 2) (182, 19)
car 0.86 (132, 0) (153, 10)
car 0.59 (202, 7) (236, 24)
car 0.52 (101, 0) (123, 14)
car 0.30 (152, 1) (168, 13)
bus 1.00 (71, 15) (136, 110)
train 0.47 (71, 14) (135, 113)
truck 0.43 (201, 4) (237, 23)
car 0.93 (151, 11) (167, 27)
car 0.87 (166, 2) (182, 19)
car 0.86 (132, 0) (153, 10)
car 0.59 (202, 7) (236, 24)
car 0.52 (101, 0) (123, 14)
car 0.30 (152, 1) (168, 13)
bus 1.00 (71, 15) (136, 110)
train 0.47 (70, 13) (135, 113)
truck 0.43 (201, 4) (237, 23)
car 0.93 (151, 11) (167, 27)
car 0.87 (166, 2) (182, 19)
car 0.86 (132, 0) (153, 10)
car 0.59 (202, 7) (236, 24)
car 0.52 (101, 0) (123, 14)
car 0.30 (152, 1) (168, 13)
bus 1.00 (71, 13) (136, 110)
train 0.47 (71, 12) (135, 113)
truck 0.43 (201, 4) (237, 23)
Found 11 boxes for img
car 0.94 (151, 11) (166, 24)
car 0.78 (165, 2) (182, 18)
car 0.64 (132, 1) (153, 11)
car 0.51 (0, 123) (94, 233)
car 0.40 (200, 8) (233, 23)
car 0.34 (151, 1) (169, 11)
bus 0.99 (78, 13) (137, 96)
bus 0.59 (0, 125) (92, 243)
bus 0.37 (198, 4) (235, 23)
truck 0.39 (198, 4) (235, 23)
truck 0.31 (0, 115) (93, 239)
car 0.94 (151, 11) (166, 24)
car 0.78 (165, 2) (182, 18)
car 0.64 (132, 1) (153, 11)
car 0.51 (4, 118) (94, 233)
car 0.40 (200, 8) (233, 23)
car 0.34 (151, 1) (169, 11)
bus 0.99 (79, 13) (137, 96)
bus 0.59 (4, 120) (92, 243)
bus 0.37 (198, 4) (235, 23)
truck 0.39 (198, 4) (235, 23)
truck 0.31 (5, 110) (93, 239)
car 0.94 (151, 11) (166, 24)
car 0.78 (165, 2) (182, 18)
car 0.64 (132, 1) (153, 11)
car 0.51 (10, 113) (94, 233)
car 0.40 (200, 8) (233, 23)
car 0.34 (151, 1) (169, 11)
bus 0.99 (80, 13) (137, 96)
bus 0.59 (10, 117) (92, 243)
bus 0.37 (198, 4) (235, 23)
truck 0.39 (198, 4) (235, 23)
truck 0.31 (10, 107) (93, 239)
car 0.94 (151, 11) (166, 24)
car 0.78 (165, 2) (182, 18)
car 0.64 (132, 1) (153, 11)
car 0.51 (12, 108) (94, 233)
car 0.40 (200, 8) (233, 23)
car 0.34 (151, 1) (169, 11)
bus 0.99 (79, 11) (137, 96)
bus 0.59 (14, 110) (92, 243)
bus 0.37 (198, 4) (235, 23)
truck 0.39 (198, 4) (235, 23)
truck 0.31 (13, 100) (93, 239)
car 0.94 (151, 11) (166, 24)
car 0.78 (165, 2) (182, 18)
car 0.64 (132, 1) (153, 11)
car 0.51 (16, 103) (94, 233)
car 0.40 (200, 8) (233, 23)
car 0.34 (151, 1) (169, 11)
bus 0.99 (80, 9) (137, 96)
bus 0.59 (16, 107) (92, 243)
bus 0.37 (198, 4) (235, 23)
truck 0.39 (198, 4) (235, 23)
truck 0.31 (18, 97) (93, 239)
car 0.94 (151, 11) (166, 24)
car 0.78 (165, 2) (182, 18)
car 0.64 (132, 1) (153, 11)
car 0.51 (22, 98) (94, 233)
car 0.40 (200, 8) (233, 23)
car 0.34 (151, 1) (169, 11)
bus 0.99 (81, 11) (137, 96)
bus 0.59 (22, 100) (92, 243)
bus 0.37 (198, 4) (235, 23)
truck 0.39 (198, 4) (235, 23)
truck 0.31 (21, 92) (93, 239)
car 0.94 (151, 11) (166, 24)
car 0.78 (165, 2) (182, 18)
car 0.64 (132, 1) (153, 11)
car 0.51 (26, 91) (94, 233)
car 0.40 (200, 8) (233, 23)
car 0.34 (151, 1) (169, 11)
bus 0.99 (82, 9) (137, 96)
bus 0.59 (28, 95) (92, 243)
bus 0.37 (198, 4) (235, 23)
truck 0.39 (198, 4) (235, 23)
truck 0.31 (28, 87) (93, 239)
Found 9 boxes for img
person 0.52 (21, 25) (32, 47)
car 0.88 (151, 9) (166, 22)
car 0.79 (166, 3) (182, 17)
car 0.48 (137, 2) (150, 11)
car 0.43 (126, 1) (136, 9)
motorbike 0.52 (21, 25) (32, 47)
bus 0.99 (86, 11) (143, 87)
bus 0.41 (0, 9) (133, 231)
truck 0.50 (196, 3) (229, 23)
person 0.52 (21, 25) (32, 47)
car 0.88 (151, 9) (166, 22)
car 0.79 (166, 3) (182, 17)
car 0.48 (137, 2) (150, 11)
car 0.43 (126, 1) (136, 9)
motorbike 0.52 (21, 25) (32, 47)
bus 0.99 (87, 10) (143, 87)
bus 0.41 (3, 4) (133, 231)
truck 0.50 (196, 3) (229, 23)
person 0.52 (21, 25) (32, 47)
car 0.88 (151, 9) (166, 22)
car 0.79 (166, 3) (182, 17)
car 0.48 (137, 2) (150, 11)
car 0.43 (126, 1) (136, 9)
motorbike 0.52 (21, 25) (32, 47)
bus 0.99 (86, 11) (143, 87)
bus 0.41 (8, 1) (133, 231)
truck 0.50 (196, 3) (229, 23)
person 0.52 (21, 26) (32, 47)
car 0.88 (151, 9) (166, 22)
car 0.79 (166, 3) (182, 17)
car 0.48 (137, 2) (150, 11)
car 0.43 (126, 1) (136, 9)
motorbike 0.52 (21, 26) (32, 47)
bus 0.99 (87, 10) (143, 87)
bus 0.41 (11, -4) (133, 231)
truck 0.50 (196, 3) (229, 23)
person 0.52 (21, 27) (32, 47)
car 0.88 (151, 9) (166, 22)
car 0.79 (166, 3) (182, 17)
car 0.48 (137, 2) (150, 11)
car 0.43 (126, 1) (136, 9)
motorbike 0.52 (21, 27) (32, 47)
bus 0.99 (88, 11) (143, 87)
bus 0.41 (14, -7) (133, 231)
truck 0.50 (196, 3) (229, 23)
person 0.52 (21, 26) (32, 47)
car 0.88 (151, 9) (166, 22)
car 0.79 (166, 3) (182, 17)
car 0.48 (137, 2) (150, 11)
car 0.43 (126, 1) (136, 9)
motorbike 0.52 (21, 26) (32, 47)
bus 0.99 (89, 10) (143, 87)
bus 0.41 (17, -14) (133, 231)
truck 0.50 (196, 3) (229, 23)
person 0.52 (21, 27) (32, 47)
car 0.88 (151, 9) (166, 22)
car 0.79 (166, 3) (182, 17)
car 0.48 (137, 2) (150, 11)
car 0.43 (126, 1) (136, 9)
motorbike 0.52 (21, 27) (32, 47)
bus 0.99 (90, 11) (143, 87)
bus 0.41 (20, -15) (133, 231)
truck 0.50 (196, 3) (229, 23)
person 0.52 (21, 26) (32, 47)
car 0.88 (151, 9) (166, 22)
car 0.79 (166, 3) (182, 17)
car 0.48 (137, 2) (150, 11)
car 0.43 (126, 1) (136, 9)
motorbike 0.52 (21, 26) (32, 47)
bus 0.99 (91, 10) (143, 87)
bus 0.41 (21, -20) (133, 231)
truck 0.50 (196, 3) (229, 23)
person 0.52 (21, 27) (32, 47)
car 0.88 (151, 9) (166, 22)
car 0.79 (166, 3) (182, 17)
car 0.48 (137, 2) (150, 11)
car 0.43 (126, 1) (136, 9)
motorbike 0.52 (21, 27) (32, 47)
bus 0.99 (90, 11) (143, 87)
bus 0.41 (24, -23) (133, 231)
truck 0.50 (196, 3) (229, 23)
Found 7 boxes for img
car 0.84 (151, 8) (166, 20)
car 0.49 (166, 3) (182, 16)
car 0.33 (191, 3) (225, 22)
bus 0.95 (95, 3) (146, 69)
bus 0.80 (-6, 43) (156, 237)
train 0.37 (-10, 35) (152, 222)
truck 0.53 (191, 3) (225, 22)
car 0.84 (151, 8) (166, 20)
car 0.49 (166, 3) (182, 16)
car 0.33 (191, 3) (225, 22)
bus 0.95 (95, 2) (146, 69)
bus 0.80 (0, 38) (156, 237)
train 0.37 (-4, 31) (152, 222)
truck 0.53 (191, 3) (225, 22)
car 0.84 (151, 8) (166, 20)
car 0.49 (166, 3) (182, 16)
car 0.33 (191, 3) (225, 22)
bus 0.95 (97, 1) (146, 69)
bus 0.80 (6, 31) (156, 237)
train 0.37 (2, 25) (152, 222)
truck 0.53 (191, 3) (225, 22)
car 0.84 (151, 8) (166, 20)
car 0.49 (166, 3) (182, 16)
car 0.33 (191, 3) (225, 22)
bus 0.95 (97, 2) (146, 69)
bus 0.80 (10, 28) (156, 237)
train 0.37 (6, 21) (152, 222)
truck 0.53 (191, 3) (225, 22)
car 0.84 (151, 8) (166, 20)
car 0.49 (166, 3) (182, 16)
car 0.33 (191, 3) (225, 22)
bus 0.95 (97, 1) (146, 69)
bus 0.80 (16, 23) (156, 237)
train 0.37 (10, 17) (152, 222)
truck 0.53 (191, 3) (225, 22)
car 0.84 (151, 8) (166, 20)
car 0.49 (166, 3) (182, 16)
car 0.33 (191, 3) (225, 22)
bus 0.95 (97, 2) (146, 69)
bus 0.80 (18, 20) (156, 237)
train 0.37 (14, 13) (152, 222)
truck 0.53 (191, 3) (225, 22)
car 0.84 (150, 8) (166, 20)
car 0.49 (166, 3) (182, 16)
car 0.33 (191, 3) (225, 22)
bus 0.95 (99, 1) (146, 69)
bus 0.80 (20, 17) (156, 237)
train 0.37 (16, 9) (152, 222)
truck 0.53 (191, 3) (225, 22)
car 0.84 (150, 8) (166, 20)
car 0.49 (166, 3) (182, 16)
car 0.33 (191, 3) (225, 22)
bus 0.95 (99, 2) (146, 69)
bus 0.80 (20, 16) (156, 237)
train 0.37 (16, 7) (152, 222)
truck 0.53 (191, 3) (225, 22)
car 0.84 (150, 8) (166, 20)
car 0.49 (166, 3) (182, 16)
car 0.33 (191, 3) (225, 22)
bus 0.95 (99, 1) (146, 69)
bus 0.80 (20, 13) (156, 237)
train 0.37 (18, 5) (152, 222)
truck 0.53 (191, 3) (225, 22)
Found 7 boxes for img
car 0.74 (150, 5) (165, 18)
car 0.40 (189, 3) (222, 21)
car 0.39 (164, 1) (183, 14)
bus 0.90 (101, 3) (150, 52)
bus 0.50 (-2, 35) (165, 236)
train 0.94 (-1, 23) (162, 226)
truck 0.52 (189, 3) (222, 21)
car 0.74 (150, 5) (165, 18)
car 0.40 (189, 3) (222, 21)
car 0.39 (164, 1) (183, 14)
bus 0.90 (101, 3) (150, 52)
bus 0.50 (3, 29) (165, 236)
train 0.94 (3, 17) (162, 226)
truck 0.52 (189, 3) (222, 21)
car 0.74 (150, 5) (165, 18)
car 0.40 (189, 3) (222, 21)
car 0.39 (164, 1) (183, 14)
bus 0.90 (101, 3) (150, 52)
bus 0.50 (8, 21) (165, 236)
train 0.94 (7, 13) (162, 226)
truck 0.52 (189, 3) (222, 21)
car 0.74 (150, 5) (165, 18)
car 0.40 (189, 3) (222, 21)
car 0.39 (164, 1) (183, 14)
bus 0.90 (101, 3) (150, 52)
bus 0.50 (11, 17) (165, 236)
train 0.94 (11, 9) (162, 226)
truck 0.52 (189, 3) (222, 21)
car 0.74 (150, 5) (165, 18)
car 0.40 (189, 3) (222, 21)
car 0.39 (164, 1) (183, 14)
bus 0.90 (103, 1) (150, 52)
bus 0.50 (14, 13) (165, 236)
train 0.94 (13, 5) (162, 226)
truck 0.52 (189, 3) (222, 21)
car 0.74 (149, 5) (165, 18)
car 0.40 (189, 3) (222, 21)
car 0.39 (164, 1) (183, 14)
bus 0.90 (103, -1) (150, 52)
bus 0.50 (17, 9) (165, 236)
train 0.94 (17, 1) (162, 226)
truck 0.52 (189, 3) (222, 21)
car 0.74 (150, 5) (165, 18)
car 0.40 (189, 3) (222, 21)
car 0.39 (164, 1) (183, 14)
bus 0.90 (103, 1) (150, 52)
bus 0.50 (20, 5) (165, 236)
train 0.94 (19, -1) (162, 226)
truck 0.52 (189, 3) (222, 21)
car 0.74 (149, 5) (165, 18)
car 0.40 (189, 3) (222, 21)
car 0.39 (163, 1) (183, 14)
bus 0.90 (103, -1) (150, 52)
bus 0.50 (23, 1) (165, 236)
train 0.94 (23, -5) (162, 226)
truck 0.52 (189, 3) (222, 21)
car 0.74 (150, 5) (165, 18)
car 0.40 (189, 3) (222, 21)
car 0.39 (162, 1) (183, 14)
bus 0.90 (103, 1) (150, 52)
bus 0.50 (26, -1) (165, 236)
train 0.94 (25, -7) (162, 226)
truck 0.52 (189, 3) (222, 21)
Found 7 boxes for img
car 0.72 (152, 4) (165, 17)
car 0.37 (184, 3) (214, 21)
car 0.35 (168, 2) (182, 12)
bus 0.91 (106, 3) (154, 43)
bus 0.85 (49, 24) (171, 203)
train 0.64 (52, 22) (169, 186)
truck 0.68 (184, 3) (214, 21)
car 0.72 (152, 4) (165, 17)
car 0.37 (184, 3) (214, 21)
car 0.35 (168, 2) (182, 12)
bus 0.91 (106, 2) (154, 43)
bus 0.85 (50, 21) (171, 203)
train 0.64 (53, 20) (169, 186)
truck 0.68 (184, 3) (214, 21)
car 0.72 (152, 4) (165, 17)
car 0.37 (184, 3) (214, 21)
car 0.35 (168, 2) (182, 12)
bus 0.91 (106, 3) (154, 43)
bus 0.85 (53, 18) (171, 203)
train 0.64 (56, 16) (169, 186)
truck 0.68 (184, 3) (214, 21)
car 0.72 (152, 4) (165, 17)
car 0.37 (184, 3) (214, 21)
car 0.35 (168, 2) (182, 12)
bus 0.91 (106, 2) (154, 43)
bus 0.85 (54, 17) (171, 203)
train 0.64 (57, 14) (169, 186)
truck 0.68 (184, 3) (214, 21)
car 0.72 (151, 4) (165, 17)
car 0.37 (184, 3) (214, 21)
car 0.35 (168, 2) (182, 12)
bus 0.91 (106, 3) (154, 43)
bus 0.85 (55, 14) (171, 203)
train 0.64 (58, 14) (169, 186)
truck 0.68 (184, 3) (214, 21)
car 0.72 (152, 4) (165, 17)
car 0.37 (184, 3) (214, 21)
car 0.35 (168, 2) (182, 12)
bus 0.91 (106, 2) (154, 43)
bus 0.85 (56, 13) (171, 203)
train 0.64 (59, 12) (169, 186)
truck 0.68 (184, 3) (214, 21)
car 0.72 (151, 4) (165, 17)
car 0.37 (184, 3) (214, 21)
car 0.35 (168, 2) (182, 12)
bus 0.91 (106, 3) (154, 43)
bus 0.85 (57, 10) (171, 203)
train 0.64 (60, 8) (169, 186)
truck 0.68 (184, 3) (214, 21)
car 0.72 (152, 4) (165, 17)
car 0.37 (184, 3) (214, 21)
car 0.35 (168, 2) (182, 12)
bus 0.91 (106, 2) (154, 43)
bus 0.85 (58, 9) (171, 203)
train 0.64 (61, 6) (169, 186)
truck 0.68 (184, 3) (214, 21)
car 0.72 (151, 4) (165, 17)
car 0.37 (184, 3) (214, 21)
car 0.35 (168, 2) (182, 12)
bus 0.91 (106, 1) (154, 43)
bus 0.85 (59, 6) (171, 203)
train 0.64 (62, 8) (169, 186)
truck 0.68 (184, 3) (214, 21)
Found 7 boxes for img
person 0.81 (15, 31) (24, 56)
person 0.47 (99, 6) (104, 20)
person 0.38 (236, 55) (241, 63)
car 0.44 (207, 1) (228, 13)
bus 1.00 (85, 24) (180, 148)
bus 0.64 (114, 1) (164, 35)
truck 0.68 (179, 2) (207, 21)
person 0.81 (15, 31) (24, 56)
person 0.47 (99, 6) (104, 20)
person 0.38 (237, 56) (241, 63)
car 0.44 (207, 1) (228, 13)
bus 1.00 (85, 22) (180, 148)
bus 0.64 (114, 1) (164, 35)
truck 0.68 (179, 2) (207, 21)
person 0.81 (15, 31) (24, 56)
person 0.47 (99, 6) (104, 20)
person 0.38 (238, 57) (241, 63)
car 0.44 (207, 1) (228, 13)
bus 1.00 (87, 22) (180, 148)
bus 0.64 (114, 1) (164, 35)
truck 0.68 (179, 2) (207, 21)
person 0.81 (14, 32) (24, 56)
person 0.47 (99, 6) (104, 20)
person 0.38 (237, 56) (241, 63)
car 0.44 (207, 1) (228, 13)
bus 1.00 (89, 20) (180, 148)
bus 0.64 (114, 1) (164, 35)
truck 0.68 (179, 2) (207, 21)
person 0.81 (14, 32) (24, 56)
person 0.47 (99, 5) (104, 20)
person 0.38 (238, 57) (241, 63)
car 0.44 (207, 1) (228, 13)
bus 1.00 (87, 20) (180, 148)
bus 0.64 (114, 1) (164, 35)
truck 0.68 (179, 2) (207, 21)
person 0.81 (14, 32) (24, 56)
person 0.47 (99, 5) (104, 20)
person 0.38 (237, 56) (241, 63)
car 0.44 (207, 1) (228, 13)
bus 1.00 (89, 20) (180, 148)
bus 0.64 (114, 0) (164, 35)
truck 0.68 (179, 2) (207, 21)
person 0.81 (13, 32) (24, 56)
person 0.47 (100, 5) (104, 20)
person 0.38 (238, 57) (241, 63)
car 0.44 (207, 1) (228, 13)
bus 1.00 (87, 18) (180, 148)
bus 0.64 (114, 1) (164, 35)
truck 0.68 (179, 2) (207, 21)
person 0.81 (13, 32) (24, 56)
person 0.47 (100, 5) (104, 20)
person 0.38 (237, 56) (241, 63)
car 0.44 (207, 1) (228, 13)
bus 1.00 (89, 18) (180, 148)
bus 0.64 (114, 0) (164, 35)
truck 0.68 (179, 2) (207, 21)
person 0.81 (13, 32) (24, 56)
person 0.47 (100, 5) (104, 20)
person 0.38 (238, 57) (241, 63)
car 0.44 (207, 1) (228, 13)
bus 1.00 (89, 18) (180, 148)
bus 0.64 (114, 1) (164, 35)
truck 0.68 (179, 2) (207, 21)
Found 9 boxes for img
person 0.64 (95, 7) (100, 24)
person 0.50 (11, 32) (21, 55)
person 0.30 (237, 55) (241, 63)
person 0.30 (48, 2) (53, 14)
car 0.43 (174, 3) (201, 19)
car 0.30 (204, 2) (229, 14)
bus 1.00 (105, 17) (180, 116)
bus 0.77 (119, -1) (162, 33)
truck 0.57 (174, 3) (201, 19)
person 0.64 (95, 7) (100, 24)
person 0.50 (11, 32) (21, 55)
person 0.30 (238, 54) (241, 63)
person 0.30 (48, 2) (53, 14)
car 0.43 (174, 3) (201, 19)
car 0.30 (204, 2) (229, 14)
bus 1.00 (105, 17) (180, 116)
bus 0.77 (119, -1) (162, 33)
truck 0.57 (174, 3) (201, 19)
person 0.64 (95, 7) (100, 24)
person 0.50 (11, 32) (21, 55)
person 0.30 (237, 55) (241, 63)
person 0.30 (48, 2) (53, 14)
car 0.43 (174, 3) (201, 19)
car 0.30 (204, 2) (229, 14)
bus 1.00 (107, 15) (180, 116)
bus 0.77 (119, -1) (162, 33)
truck 0.57 (174, 3) (201, 19)
person 0.64 (96, 6) (100, 24)
person 0.50 (10, 33) (21, 55)
person 0.30 (238, 56) (241, 63)
person 0.30 (48, 2) (53, 14)
car 0.43 (174, 3) (201, 19)
car 0.30 (204, 2) (229, 14)
bus 1.00 (109, 17) (180, 116)
bus 0.77 (119, -1) (162, 33)
truck 0.57 (174, 3) (201, 19)
person 0.64 (96, 6) (100, 24)
person 0.50 (9, 32) (21, 55)
person 0.30 (237, 57) (241, 63)
person 0.30 (48, 2) (53, 14)
car 0.43 (174, 3) (201, 19)
car 0.30 (204, 2) (229, 14)
bus 1.00 (107, 15) (180, 116)
bus 0.77 (119, -1) (162, 33)
truck 0.57 (174, 3) (201, 19)
person 0.64 (96, 5) (100, 24)
person 0.50 (9, 33) (21, 55)
person 0.30 (238, 56) (241, 63)
person 0.30 (48, 2) (53, 14)
car 0.43 (174, 3) (201, 19)
car 0.30 (204, 2) (229, 14)
bus 1.00 (109, 15) (180, 116)
bus 0.77 (119, -1) (162, 33)
truck 0.57 (174, 3) (201, 19)
person 0.64 (96, 5) (100, 24)
person 0.50 (9, 33) (21, 55)
person 0.30 (237, 57) (241, 63)
person 0.30 (48, 2) (53, 14)
car 0.43 (174, 3) (201, 19)
car 0.30 (204, 2) (229, 14)
bus 1.00 (109, 15) (180, 116)
bus 0.77 (119, -1) (162, 33)
truck 0.57 (174, 3) (201, 19)
person 0.64 (97, 5) (100, 24)
person 0.50 (9, 33) (21, 55)
person 0.30 (238, 56) (241, 63)
person 0.30 (48, 2) (53, 14)
car 0.43 (174, 3) (201, 19)
car 0.30 (204, 2) (229, 14)
bus 1.00 (109, 15) (180, 116)
bus 0.77 (119, -1) (162, 33)
truck 0.57 (174, 3) (201, 19)
person 0.64 (97, 5) (100, 24)
person 0.50 (9, 33) (21, 55)
person 0.30 (237, 57) (241, 63)
person 0.30 (48, 2) (53, 14)
car 0.43 (174, 3) (201, 19)
car 0.30 (204, 2) (229, 14)
bus 1.00 (109, 15) (180, 116)
bus 0.77 (119, -2) (162, 33)
truck 0.57 (174, 3) (201, 19)
Found 9 boxes for img
person 0.79 (89, 9) (96, 24)
person 0.44 (4, 35) (16, 64)
person 0.30 (237, 55) (242, 63)
car 0.51 (169, 1) (195, 19)
car 0.45 (203, 2) (229, 14)
bus 0.99 (125, 12) (180, 92)
bus 0.57 (125, 2) (152, 21)
bus 0.31 (123, 0) (162, 30)
truck 0.55 (169, 1) (195, 19)
person 0.79 (89, 9) (96, 24)
person 0.44 (4, 35) (16, 64)
person 0.30 (237, 56) (242, 63)
car 0.51 (169, 1) (195, 19)
car 0.45 (203, 2) (229, 14)
bus 0.99 (125, 12) (180, 92)
bus 0.57 (125, 2) (152, 21)
bus 0.31 (123, 0) (162, 30)
truck 0.55 (169, 1) (195, 19)
person 0.79 (89, 8) (96, 24)
person 0.44 (3, 36) (16, 64)
person 0.30 (237, 55) (242, 63)
car 0.51 (169, 1) (195, 19)
car 0.45 (203, 2) (229, 14)
bus 0.99 (125, 12) (180, 92)
bus 0.57 (125, 2) (152, 21)
bus 0.31 (123, 0) (162, 30)
truck 0.55 (169, 1) (195, 19)
person 0.79 (90, 8) (96, 24)
person 0.44 (3, 36) (16, 64)
person 0.30 (237, 54) (242, 63)
car 0.51 (169, 1) (195, 19)
car 0.45 (203, 2) (229, 14)
bus 0.99 (125, 12) (180, 92)
bus 0.57 (125, 2) (152, 21)
bus 0.31 (123, 0) (162, 30)
truck 0.55 (169, 1) (195, 19)
person 0.79 (90, 8) (96, 24)
person 0.44 (2, 36) (16, 64)
person 0.30 (237, 55) (242, 63)
car 0.51 (169, 1) (195, 19)
car 0.45 (203, 2) (229, 14)
bus 0.99 (125, 12) (180, 92)
bus 0.57 (125, 2) (152, 21)
bus 0.31 (123, 0) (162, 30)
truck 0.55 (169, 1) (195, 19)
person 0.79 (90, 8) (96, 24)
person 0.44 (2, 36) (16, 64)
person 0.30 (237, 54) (242, 63)
car 0.51 (169, 1) (195, 19)
car 0.45 (203, 2) (229, 14)
bus 0.99 (127, 12) (180, 92)
bus 0.57 (125, 2) (152, 21)
bus 0.31 (123, 0) (162, 30)
truck 0.55 (169, 1) (195, 19)
person 0.79 (91, 7) (96, 24)
person 0.44 (1, 37) (16, 64)
person 0.30 (237, 55) (242, 63)
car 0.51 (169, 1) (195, 19)
car 0.45 (203, 2) (229, 14)
bus 0.99 (129, 10) (180, 92)
bus 0.57 (125, 2) (152, 21)
bus 0.31 (123, 0) (162, 30)
truck 0.55 (169, 1) (195, 19)
person 0.79 (91, 7) (96, 24)
person 0.44 (1, 37) (16, 64)
person 0.30 (237, 54) (242, 63)
car 0.51 (169, 1) (195, 19)
car 0.45 (203, 2) (229, 14)
bus 0.99 (127, 10) (180, 92)
bus 0.57 (125, 2) (152, 21)
bus 0.31 (123, 0) (162, 30)
truck 0.55 (169, 1) (195, 19)
person 0.79 (91, 7) (96, 24)
person 0.44 (0, 37) (16, 64)
person 0.30 (237, 55) (242, 63)
car 0.51 (169, 1) (195, 19)
car 0.45 (203, 2) (229, 14)
bus 0.99 (129, 10) (180, 92)
bus 0.57 (125, 2) (152, 21)
bus 0.31 (123, 0) (162, 30)
truck 0.55 (169, 1) (195, 19)
Found 3 boxes for img
person 0.94 (85, 10) (92, 25)
bus 1.00 (134, 15) (179, 81)
bus 0.85 (127, 0) (154, 33)
person 0.94 (85, 10) (92, 25)
bus 1.00 (135, 14) (179, 81)
bus 0.85 (127, 0) (154, 33)
person 0.94 (85, 10) (92, 25)
bus 1.00 (134, 13) (179, 81)
bus 0.85 (127, 0) (154, 33)
person 0.94 (85, 10) (92, 25)
bus 1.00 (135, 14) (179, 81)
bus 0.85 (127, 0) (154, 33)
person 0.94 (86, 9) (92, 25)
bus 1.00 (134, 13) (179, 81)
bus 0.85 (127, 0) (154, 33)
person 0.94 (86, 10) (92, 25)
bus 1.00 (135, 14) (179, 81)
bus 0.85 (127, 0) (154, 33)
person 0.94 (86, 9) (92, 25)
bus 1.00 (134, 13) (179, 81)
bus 0.85 (127, 0) (154, 33)
person 0.94 (87, 9) (92, 25)
bus 1.00 (135, 14) (179, 81)
bus 0.85 (127, 0) (154, 33)
person 0.94 (87, 9) (92, 25)
bus 1.00 (134, 13) (179, 81)
bus 0.85 (127, -1) (154, 33)
Found 4 boxes for img
person 0.75 (82, 11) (88, 27)
person 0.58 (103, 5) (109, 18)
car 0.35 (177, 8) (183, 18)
bus 1.00 (142, 6) (179, 66)
person 0.75 (82, 11) (88, 27)
person 0.58 (103, 5) (109, 18)
car 0.35 (177, 8) (183, 18)
bus 1.00 (143, 6) (179, 66)
person 0.75 (82, 11) (88, 27)
person 0.58 (103, 5) (109, 18)
car 0.35 (177, 8) (183, 18)
bus 1.00 (142, 6) (179, 66)
person 0.75 (82, 11) (88, 27)
person 0.58 (103, 5) (109, 18)
car 0.35 (177, 8) (183, 18)
bus 1.00 (143, 6) (179, 66)
person 0.75 (83, 11) (88, 27)
person 0.58 (103, 5) (109, 18)
car 0.35 (177, 8) (183, 18)
bus 1.00 (142, 6) (179, 66)
person 0.75 (83, 11) (88, 27)
person 0.58 (103, 5) (109, 18)
car 0.35 (177, 8) (183, 18)
bus 1.00 (143, 6) (179, 66)
person 0.75 (83, 10) (88, 27)
person 0.58 (103, 5) (109, 18)
car 0.35 (177, 8) (183, 18)
bus 1.00 (142, 6) (179, 66)
person 0.75 (83, 11) (88, 27)
person 0.58 (103, 5) (109, 18)
car 0.35 (177, 8) (183, 18)
bus 1.00 (143, 6) (179, 66)
person 0.75 (83, 10) (88, 27)
person 0.58 (103, 5) (109, 18)
car 0.35 (177, 8) (183, 18)
bus 1.00 (142, 6) (179, 66)
Found 3 boxes for img
person 0.90 (81, 13) (87, 27)
person 0.54 (100, 5) (106, 18)
bus 0.98 (146, 2) (178, 61)
person 0.90 (81, 13) (87, 27)
person 0.54 (100, 5) (106, 18)
bus 0.98 (146, 1) (178, 61)
person 0.90 (81, 13) (87, 27)
person 0.54 (100, 5) (106, 18)
bus 0.98 (146, 2) (178, 61)
person 0.90 (81, 13) (87, 27)
person 0.54 (100, 5) (106, 18)
bus 0.98 (146, 1) (178, 61)
person 0.90 (81, 13) (87, 27)
person 0.54 (100, 5) (106, 18)
bus 0.98 (146, 2) (178, 61)
person 0.90 (81, 13) (87, 27)
person 0.54 (100, 5) (106, 18)
bus 0.98 (146, 1) (178, 61)
person 0.90 (81, 13) (87, 27)
person 0.54 (100, 5) (106, 18)
bus 0.98 (146, 2) (178, 61)
person 0.90 (81, 13) (87, 27)
person 0.54 (100, 5) (106, 18)
bus 0.98 (146, 1) (178, 61)
person 0.90 (81, 13) (87, 27)
person 0.54 (100, 5) (106, 18)
bus 0.98 (146, 2) (178, 61)
Found 4 boxes for img
person 0.78 (80, 13) (86, 27)
person 0.53 (98, 7) (104, 19)
bicycle 0.33 (79, 15) (86, 30)
bus 0.99 (149, 3) (178, 54)
person 0.78 (80, 13) (86, 27)
person 0.53 (98, 7) (104, 19)
bicycle 0.33 (79, 15) (86, 30)
bus 0.99 (149, 3) (178, 54)
